              precision    recall  f1-score   support

           0      0.544     0.847     0.662      1000
           1      0.441     0.595     0.507      1000
           2      0.584     0.153     0.242      1000
           3      0.477     0.145     0.222      1000
           4      0.413     0.327     0.365      1000
           5      0.429     0.744     0.544      1000

    accuracy                          0.469      6000
   macro avg      0.481     0.468     0.424      6000
weighted avg      0.481     0.469     0.424      6000