              precision    recall  f1-score   support

           0      0.688     0.733     0.710      1000
           1      0.546     0.635     0.587      1000
           2      0.539     0.395     0.456      1000
           3      0.532     0.233     0.324      1000
           4      0.379     0.688     0.488      1000
           5      0.660     0.517     0.580      1000

    accuracy                          0.533      6000
   macro avg      0.557     0.533     0.524      6000
weighted avg      0.557     0.533     0.524      6000